4.201083925e-12
0.06144213943
0.1228477987
0.1839684101
0.244553647
0.3043528125
0.3631162372
0.4205966737
0.4765506768
0.530739961
0.5829327215
0.6329049119
0.6804414679
0.7253374679
0.767399224
0.806445294
0.8423074112
0.8748313235
0.9038775394
0.9293219776
0.9510565163
0.9689894423
0.9830457996
0.9931676369
0.9993141569
1.001461769
0.9996040474
0.9937516049
0.9839318745
0.9701888176
0.9525825552
0.9311889317
0.9060990161
0.8774185478
0.8452673319
0.8097785917
0.771098283
0.7293843771
0.6848061165
0.6375432505
0.5877852523
0.5357305248
0.4815855964
0.4255643105
0.3678870123
0.3087797327
0.2484733726
0.1872028881
0.1252064769
0.06272476568
-1.776356839e-15
-0.06272476568
-0.1252064769
-0.1872028881
-0.2484733726
-0.3087797327
-0.3678870123
-0.4255643105
-0.4815855964
-0.5357305248
-0.5877852523
-0.6375432505
-0.6848061165
-0.7293843771
-0.771098283
-0.8097785917
-0.8452673319
-0.8774185478
-0.9060990161
-0.9311889317
-0.9525825552
-0.9701888176
-0.9839318745
-0.9937516049
-0.9996040474
-1.001461769
-0.9993141569
-0.9931676369
-0.9830457996
-0.9689894423
-0.9510565163
-0.9293219776
-0.9038775394
-0.8748313235
-0.8423074112
-0.806445294
-0.767399224
-0.7253374679
-0.6804414679
-0.6329049119
-0.5829327215
-0.530739961
-0.4765506768
-0.4205966737
-0.3631162372
-0.3043528125
-0.244553647
-0.1839684101
-0.1228477987
-0.06144213943
-4.199307568e-12
