1.000088901e-12
3.782508671e-05
0.0001281575892
0.0002417929267
0.0003565106676
0.0004564935976
0.0005316204595
0.0005766671726
0.0005904525854
0.0005749645847
0.0005345007185
0.0004748545018
0.0004025744374
0.000324317705
0.0002463147272
0.0001739546762
0.0001114957501
6.189801445e-05
2.677104287e-05
6.423762368e-06
9.999778783e-13
5.680415089e-06
2.092982236e-05
4.276851994e-05
6.804688605e-05
9.370435604e-05
0.0001169965783
0.0001356779979
0.0001481310576
0.0001534374022
0.000151390661
0.0001424543325
0.0001276717694
0.0001085380845
8.684581971e-05
6.45173539e-05
4.34372436e-05
2.529700395e-05
1.14633425e-05
2.878669519e-06
1.000199923e-12
2.779337856e-06
1.068546087e-05
2.276403933e-05
3.773021629e-05
5.408558338e-05
7.024983758e-05
8.46965202e-05
9.608212525e-05
0.0001033585257
0.0001058600483
0.0001033585257
9.608212525e-05
8.46965202e-05
7.024983758e-05
5.408558338e-05
3.773021629e-05
2.276403933e-05
1.068546087e-05
2.779337856e-06
1.000088901e-12
2.878669519e-06
1.14633425e-05
2.529700395e-05
4.34372436e-05
6.45173539e-05
8.684581971e-05
0.0001085380845
0.0001276717694
0.0001424543325
0.000151390661
0.0001534374022
0.0001481310576
0.0001356779979
0.0001169965783
9.370435604e-05
6.804688605e-05
4.276851994e-05
2.092982236e-05
5.680415089e-06
1.000088901e-12
6.423762368e-06
2.677104287e-05
6.189801445e-05
0.0001114957501
0.0001739546762
0.0002463147272
0.000324317705
0.0004025744374
0.0004748545018
0.0005345007185
0.0005749645847
0.0005904525854
0.0005766671726
0.0005316204595
0.0004564935976
0.0003565106676
0.0002417929267
0.0001281575892
3.782508671e-05
1.000088901e-12
